class Model3D{
_mode=7
_lines=[(-3.500000; 0.000000; -5.000000), (3.500000; 0.000000; -5.000000), (3.500000; 0.000000; 5.000000), (-3.500000; 0.000000; 5.000000), (-3.500000; 2.800000; -5.000000), (-3.500000; 2.800000; 5.000000), (3.500000; 2.800000; 5.000000), (3.500000; 2.800000; -5.000000), (-3.500000; 0.000000; -5.000000), (-3.500000; 2.800000; -5.000000), (3.500000; 2.800000; -5.000000), (3.500000; 0.000000; -5.000000), (-3.500000; 0.000000; 5.000000), (3.500000; 0.000000; 5.000000), (3.500000; 2.800000; 5.000000), (-3.500000; 2.800000; 5.000000), (3.500000; 0.000000; -5.000000), (3.500000; 2.800000; -5.000000), (3.500000; 2.800000; 5.000000), (3.500000; 0.000000; 5.000000), (-3.500000; 0.000000; -5.000000), (-3.500000; 0.000000; 5.000000), (-3.500000; 2.800000; 5.000000), (-3.500000; 2.800000; -5.000000), ]
_normals=[(0.000000; -1.000000; 0.000000), (0.000000; 1.000000; 0.000000), (0.000000; 0.000000; -1.000000), (0.000000; 0.000000; 1.000000), (1.000000; 0.000000; 0.000000), (-1.000000; 0.000000; 0.000000), ]
_materials=[class Material{
_color=class Color{
_r=0.639763
_g=0.639763
_b=0.004783
_a=1.000000
}
_especular=1
}, ]
class Object{
_active=1
_disableRotation=0
_disableTranslate=0
_disableScale=0
_drawOrigin=0
_originSize=0.000000
_name=Paredes
_position=(0.000000; 0.000000; 0.000000)
_rotation=(0.000000; 0.000000; 0.000000)
_scale=(0.130000; 0.160000; 0.100000)
_children=class Model3D{
_mode=7
_lines=[(-3.500000; 2.800000; -5.000000), (-3.500000; 2.800000; 5.000000), (0.000000; 3.300000; 5.000000), (0.000000; 3.300000; -5.000000), (3.500000; 2.800000; -5.000000), (0.000000; 3.300000; -5.000000), (0.000000; 3.300000; 5.000000), (3.500000; 2.800000; 5.000000), ]
_normals=[(-0.141421; 0.989950; 0.000000), (0.141421; 0.989950; 0.000000), ]
_materials=[class Material{
_color=class Color{
_r=0.297029
_g=0.297029
_b=0.109862
_a=1.000000
}
_especular=1
}, ]
class Object{
_active=1
_disableRotation=0
_disableTranslate=0
_disableScale=0
_drawOrigin=0
_originSize=0.000000
_name=Teto
_position=(0.000000; 0.000000; 0.000000)
_rotation=(0.000000; 0.000000; 0.000000)
_scale=(1.000000; 1.000000; 1.000000)
_children=
}
}class Model3D{
_mode=4
_lines=[(-3.500000; 2.800000; -5.000000), (0.000000; 3.300000; -5.000000), (3.500000; 2.800000; -5.000000), (-3.500000; 2.800000; 5.000000), (3.500000; 2.800000; 5.000000), (0.000000; 3.300000; 5.000000), ]
_normals=[(0.000000; 0.000000; -1.000000), (0.000000; 0.000000; 1.000000), ]
_materials=[class Material{
_color=class Color{
_r=0.297029
_g=0.297029
_b=0.109862
_a=1.000000
}
_especular=1
}, ]
class Object{
_active=1
_disableRotation=0
_disableTranslate=0
_disableScale=0
_drawOrigin=0
_originSize=0.000000
_name=Paredes do teto
_position=(0.000000; 0.000000; 0.000000)
_rotation=(0.000000; 0.000000; 0.000000)
_scale=(1.000000; 1.000000; 1.000000)
_children=
}
}
}
}
